0 2733.99
0.104453 2732.34
0.209979 2730.68
0.310831 2729.08
0.415774 2727.43
0.519656 2725.79
0.624712 2724.13
0.726498 2722.53
0.826524 2720.96
0.927368 2719.37
1.02755 2717.8
1.12913 2716.2
1.22989 2714.62
1.33016 2713.05
1.43249 2711.44
1.53367 2709.85
1.63368 2708.29
1.73552 2706.69
1.8358 2705.12
1.93826 2703.52
2.03927 2701.95
2.13943 2700.38
2.25547 2698.57
2.35656 2696.99
2.45919 2695.39
2.5613 2693.8
2.66169 2692.24
2.76179 2690.68
2.86241 2689.12
2.96247 2687.56
3.06291 2686
3.16325 2684.44
3.26802 2682.82
3.37396 2681.17
3.47413 2679.62
3.57616 2678.04
3.67786 2676.47
3.78133 2674.87
3.88519 2673.26
3.98735 2671.69
4.08817 2670.13
4.1886 2668.58
4.28898 2667.03
4.39018 2665.47
4.49176 2663.9
4.5924 2662.35
4.69611 2660.76
4.79661 2659.21
4.90075 2657.61
5.00157 2656.07
5.10231 2654.52
5.21284 2652.82
5.31378 2651.27
5.41676 2649.7
5.51973 2648.12
5.61986 2646.58
5.72178 2645.02
5.83258 2643.33
5.93345 2641.79
6.03627 2640.22
6.13999 2638.64
6.24169 2637.09
6.34228 2635.55
6.44244 2634.03
6.54471 2632.47
6.64659 2630.92
6.74701 2629.39
6.84887 2627.85
6.95114 2626.29
7.05366 2624.74
7.15726 2623.17
7.26187 2621.58
7.36321 2620.05
7.4696 2618.44
7.57713 2616.81
7.67908 2615.27
7.78 2613.74
7.88257 2612.2
7.98607 2610.63
8.08707 2609.11
8.18714 2607.6
8.28784 2606.08
8.38785 2604.58
8.48848 2603.06
8.59018 2601.53
8.69146 2600.01
8.79193 2598.5
8.89201 2597
8.99309 2595.48
9.10431 2593.81
9.2134 2592.18
9.31572 2590.64
9.4265 2588.98
9.53259 2587.4
9.6329 2585.9
9.73594 2584.36
9.83629 2582.86
9.939 2581.32
10.0403 2579.81
10.1421 2578.3
10.2423 2576.81
10.349 2575.22
10.4498 2573.72
10.5508 2572.21
10.653 2570.69
10.7534 2569.2
10.8582 2567.65
10.962 2566.11
11.0641 2564.59
11.1656 2563.09
11.2736 2561.49
11.3798 2559.92
11.4809 2558.43
11.5812 2556.94
11.6825 2555.45
11.7838 2553.95
11.8955 2552.3
11.9961 2550.82
12.0993 2549.3
12.2038 2547.76
12.3053 2546.26
12.4076 2544.76
12.5177 2543.14
12.6193 2541.65
12.7224 2540.13
12.8228 2538.66
12.9231 2537.19
13.0284 2535.64
13.1295 2534.16
13.2311 2532.67
13.3327 2531.19
13.4354 2529.69
13.5371 2528.2
13.6391 2526.71
13.7427 2525.2
13.8455 2523.7
13.9464 2522.22
14.0504 2520.71
14.1516 2519.23
14.2541 2517.74
14.3561 2516.26
14.457 2514.79
14.5572 2513.33
14.6596 2511.85
14.7606 2510.38
14.8621 2508.91
14.9668 2507.39
15.0724 2505.86
15.1729 2504.41
15.274 2502.94
15.3758 2501.47
15.4922 2499.79
15.5959 2498.29
15.6983 2496.81
15.8058 2495.26
15.9095 2493.76
16.0107 2492.31
16.1197 2490.74
16.2315 2489.13
16.3362 2487.62
16.4363 2486.18
16.5376 2484.73
16.6418 2483.23
16.7425 2481.79
16.8506 2480.24
16.9514 2478.79
17.0518 2477.35
17.1531 2475.9
17.2558 2474.43
17.3568 2472.99
17.4664 2471.42
17.5683 2469.97
17.6743 2468.45
17.7827 2466.91
17.8828 2465.48
17.9829 2464.06
18.0899 2462.53
18.1913 2461.09
18.2946 2459.62
18.3964 2458.18
18.4999 2456.7
18.6005 2455.28
18.7038 2453.81
18.8048 2452.38
18.9077 2450.92
19.0243 2449.27
19.1244 2447.85
19.23 2446.36
19.336 2444.86
19.4371 2443.43
19.5425 2441.94
19.6492 2440.44
19.7547 2438.95
19.8548 2437.54
19.9552 2436.13
20.0562 2434.7
20.1678 2433.14
20.2735 2431.65
20.3748 2430.22
20.4762 2428.8
20.5812 2427.33
20.6848 2425.87
20.7862 2424.45
20.8962 2422.91
20.9966 2421.51
21.1034 2420.01
21.2084 2418.54
21.3146 2417.06
21.4174 2415.62
21.5329 2414.01
21.6366 2412.56
21.748 2411.01
21.8482 2409.61
21.9484 2408.22
22.0522 2406.77
22.1726 2405.1
22.274 2403.69
22.3754 2402.28
22.483 2400.79
22.5846 2399.38
22.6846 2397.99
22.7929 2396.49
22.893 2395.11
22.9968 2393.67
23.0981 2392.27
23.2001 2390.86
23.3029 2389.44
23.4033 2388.05
23.5079 2386.61
23.6144 2385.14
23.719 2383.7
23.8229 2382.27
23.9271 2380.83
24.0434 2379.23
24.1468 2377.81
24.2486 2376.41
24.3543 2374.96
24.4637 2373.46
24.5646 2372.08
24.6686 2370.65
24.7718 2369.24
24.8777 2367.79
24.9778 2366.42
25.0794 2365.03
25.1894 2363.52
25.2936 2362.1
25.3948 2360.72
25.4969 2359.33
25.6019 2357.9
25.7083 2356.45
25.8098 2355.06
25.9127 2353.66
26.013 2352.3
26.1152 2350.91
26.2255 2349.41
26.3258 2348.05
26.4283 2346.66
26.5302 2345.28
26.6322 2343.9
26.7328 2342.53
26.8485 2340.97
26.9519 2339.57
27.0557 2338.16
27.1602 2336.75
27.264 2335.35
27.3687 2333.94
27.4707 2332.56
27.574 2331.17
27.6749 2329.81
27.784 2328.34
27.8901 2326.91
27.9918 2325.55
28.0996 2324.1
28.2129 2322.58
28.3178 2321.17
28.4239 2319.74
28.5313 2318.3
28.641 2316.83
28.7418 2315.48
28.8451 2314.1
28.9587 2312.58
29.062 2311.2
29.1647 2309.83
29.2649 2308.49
29.3706 2307.08
29.4801 2305.62
29.5822 2304.26
29.692 2302.8
29.7975 2301.4
29.9096 2299.91
30.0165 2298.49
30.1187 2297.13
30.2193 2295.8
30.3281 2294.35
30.4287 2293.02
30.5332 2291.63
30.6447 2290.16
30.7484 2288.79
30.8565 2287.35
30.9714 2285.84
31.0776 2284.43
31.1838 2283.03
31.2942 2281.57
31.3981 2280.21
31.4994 2278.87
31.6035 2277.5
31.7065 2276.14
31.8162 2274.7
31.9235 2273.29
32.0349 2271.83
32.1364 2270.49
32.2364 2269.18
32.3386 2267.84
32.4432 2266.47
32.5535 2265.03
32.658 2263.66
32.7581 2262.35
32.8659 2260.94
32.9739 2259.53
33.0774 2258.18
33.1817 2256.82
33.2931 2255.36
33.4021 2253.94
33.5118 2252.52
33.6331 2250.94
33.737 2249.58
33.8426 2248.21
33.9544 2246.76
34.0616 2245.37
34.1629 2244.05
34.2672 2242.7
34.371 2241.36
34.4818 2239.92
34.5834 2238.6
34.6836 2237.31
34.7837 2236.02
34.8969 2234.55
35.0001 2233.22
35.1072 2231.84
35.2079 2230.54
35.3107 2229.21
35.4324 2227.65
35.5357 2226.32
35.6359 2225.03
35.7439 2223.64
35.854 2222.22
35.9766 2220.65
36.0782 2219.35
36.1851 2217.98
36.2921 2216.61
36.3953 2215.28
36.4958 2214
36.6117 2212.51
36.7119 2211.23
36.8171 2209.89
36.9274 2208.48
37.0346 2207.11
37.1371 2205.81
37.2374 2204.53
37.3512 2203.08
37.4531 2201.78
37.5551 2200.48
37.6555 2199.21
37.763 2197.84
37.8762 2196.4
37.9844 2195.03
38.0887 2193.71
38.1938 2192.37
38.3276 2190.68
38.4446 2189.2
38.5483 2187.89
38.6514 2186.58
38.7605 2185.2
38.8621 2183.92
38.9665 2182.6
39.079 2181.18
39.1828 2179.88
39.2852 2178.58
39.3928 2177.23
39.5031 2175.84
39.6037 2174.58
39.7046 2173.31
39.808 2172.01
39.9102 2170.73
40.0134 2169.43
40.1153 2168.15
40.2265 2166.76
40.3312 2165.45
40.4369 2164.13
40.5408 2162.83
40.6414 2161.57
40.7475 2160.25
40.8534 2158.92
40.959 2157.61
41.0632 2156.31
41.1796 2154.86
41.2833 2153.57
41.3847 2152.31
41.485 2151.06
41.5877 2149.78
41.7124 2148.23
41.8158 2146.95
41.9181 2145.68
42.0283 2144.31
42.1429 2142.89
42.2516 2141.55
42.3523 2140.3
42.4682 2138.87
42.5685 2137.63
42.6723 2136.35
42.7809 2135.01
42.8845 2133.73
42.9878 2132.45
43.0969 2131.11
43.1972 2129.88
43.2998 2128.61
43.4019 2127.36
43.5045 2126.09
43.6088 2124.81
43.7095 2123.58
43.8165 2122.26
43.9324 2120.84
44.0347 2119.59
44.1362 2118.35
44.2364 2117.12
44.3442 2115.8
44.4456 2114.56
44.5495 2113.29
44.6533 2112.02
44.7648 2110.66
44.8661 2109.42
44.9736 2108.11
45.0778 2106.84
45.1788 2105.61
45.2803 2104.38
45.384 2103.12
45.4866 2101.87
45.5907 2100.61
45.6924 2099.37
45.7932 2098.15
45.8947 2096.92
45.9958 2095.69
46.0966 2094.47
46.2067 2093.14
46.3172 2091.8
46.4201 2090.56
46.538 2089.13
46.6382 2087.92
46.746 2086.62
46.8469 2085.41
46.9483 2084.18
47.0494 2082.97
47.1617 2081.61
47.2797 2080.19
47.3818 2078.97
47.485 2077.73
47.5851 2076.52
47.6871 2075.3
47.7895 2074.07
47.8966 2072.79
47.9992 2071.56
48.1184 2070.13
48.2207 2068.91
48.3215 2067.7
48.4245 2066.47
48.5275 2065.24
48.6398 2063.9
48.7403 2062.7
48.8423 2061.48
48.9439 2060.27
49.0521 2058.98
49.1598 2057.7
49.2611 2056.5
49.364 2055.27
49.4661 2054.06
49.5749 2052.77
49.6752 2051.58
49.7791 2050.35
49.8795 2049.15
49.983 2047.93
50.0832 2046.74
50.1848 2045.54
50.2918 2044.28
50.393 2043.08
50.4948 2041.88
50.5964 2040.68
50.697 2039.49
50.7976 2038.31
50.8976 2037.13
51.0023 2035.9
51.1053 2034.68
51.2059 2033.5
51.3182 2032.18
51.4222 2030.96
51.5227 2029.78
51.6248 2028.58
51.7273 2027.38
51.8436 2026.02
51.9441 2024.84
52.0492 2023.61
52.1594 2022.32
52.2596 2021.15
52.3634 2019.94
52.465 2018.75
52.5885 2017.31
52.6918 2016.11
52.7957 2014.9
52.8961 2013.73
52.9999 2012.52
53.1001 2011.36
53.2108 2010.07
53.3157 2008.85
53.4234 2007.6
53.528 2006.39
53.628 2005.23
53.7281 2004.07
53.8304 2002.88
53.9344 2001.68
54.0403 2000.45
54.1404 1999.3
54.2519 1998.01
54.3562 1996.8
54.4639 1995.56
54.5722 1994.31
54.676 1993.11
54.7779 1991.94
54.8869 1990.69
54.9892 1989.51
55.0941 1988.3
55.1995 1987.09
55.3043 1985.89
55.4107 1984.67
55.5144 1983.48
55.6228 1982.24
55.7259 1981.06
55.8336 1979.82
55.9403 1978.6
56.0435 1977.42
56.1521 1976.18
56.2563 1974.99
56.3649 1973.75
56.4653 1972.61
56.5661 1971.46
56.6804 1970.16
56.7864 1968.95
56.8869 1967.8
56.99 1966.63
57.0942 1965.45
57.1947 1964.31
57.2961 1963.16
57.3993 1961.99
57.5003 1960.84
57.6048 1959.66
57.7077 1958.49
57.8127 1957.3
57.9132 1956.17
58.0184 1954.98
58.1216 1953.81
58.2239 1952.66
58.3301 1951.46
58.4575 1950.02
58.5634 1948.83
58.6643 1947.69
58.7646 1946.56
58.8699 1945.38
58.9768 1944.18
59.0793 1943.02
59.1809 1941.88
59.2812 1940.76
59.3813 1939.63
59.4842 1938.48
59.588 1937.32
59.6939 1936.13
59.7993 1934.95
59.9064 1933.76
60.0111 1932.59
60.1125 1931.45
60.2155 1930.3
60.3166 1929.18
60.4218 1928
60.5283 1926.82
60.6305 1925.68
60.7374 1924.49
60.8403 1923.35
60.9553 1922.07
61.0668 1920.83
61.1812 1919.56
61.2899 1918.35
61.4228 1916.88
61.5287 1915.71
61.629 1914.6
61.7387 1913.38
61.8541 1912.11
61.9744 1910.78
62.0821 1909.59
62.1856 1908.45
62.3098 1907.08
62.4103 1905.97
62.5176 1904.79
62.6292 1903.56
62.7294 1902.46
62.8306 1901.34
62.936 1900.19
63.0378 1899.07
63.1417 1897.93
63.2443 1896.8
63.3447 1895.7
63.454 1894.51
63.5581 1893.37
63.6675 1892.17
63.7847 1890.89
63.8935 1889.7
63.9936 1888.61
64.1042 1887.4
64.2045 1886.31
64.3192 1885.06
64.42 1883.96
64.5216 1882.85
64.6265 1881.71
64.7372 1880.51
64.8388 1879.4
64.9447 1878.25
65.0555 1877.05
65.1617 1875.9
65.2655 1874.77
65.3842 1873.49
65.4852 1872.39
65.6092 1871.05
65.7093 1869.97
65.8148 1868.83
65.9207 1867.69
66.0212 1866.6
66.127 1865.46
66.2313 1864.34
66.3371 1863.2
66.4391 1862.1
66.5715 1860.67
66.6751 1859.56
66.777 1858.46
66.8773 1857.39
66.9821 1856.26
67.0822 1855.19
67.1859 1854.08
67.302 1852.83
67.4087 1851.69
67.519 1850.51
67.6212 1849.42
67.7231 1848.33
67.834 1847.15
67.937 1846.05
68.0399 1844.95
68.14 1843.88
68.2424 1842.79
68.3427 1841.72
68.4479 1840.6
68.5483 1839.54
68.6483 1838.47
68.7486 1837.41
68.8486 1836.35
68.9492 1835.28
69.0503 1834.21
69.1512 1833.14
69.2524 1832.06
69.3539 1830.99
69.4544 1829.93
69.555 1828.86
69.655 1827.8
69.7563 1826.73
69.8572 1825.67
69.9573 1824.61
70.0586 1823.54
70.1598 1822.48
70.2616 1821.41
70.3621 1820.35
70.4633 1819.28
70.5634 1818.23
70.6644 1817.17
70.7647 1816.12
70.8654 1815.06
70.9686 1813.98
71.0709 1812.91
71.1719 1811.85
71.2719 1810.8
71.3743 1809.73
71.4744 1808.68
71.5746 1807.64
71.6753 1806.6
71.7754 1805.55
71.8802 1804.46
71.9832 1803.39
72.0838 1802.34
72.1869 1801.26
72.287 1800.22
72.3879 1799.17
72.4903 1798.11
72.5903 1797.07
72.6909 1796.02
72.7941 1794.95
72.9045 1793.81
73.0046 1792.77
73.1051 1791.73
73.2091 1790.65
73.3105 1789.6
73.4122 1788.55
73.513 1787.51
73.6132 1786.47
73.7137 1785.43
73.8141 1784.4
73.9182 1783.32
74.0236 1782.24
74.124 1781.2
74.2268 1780.15
74.3268 1779.12
74.4269 1778.09
74.5271 1777.06
74.6275 1776.03
74.7302 1774.97
74.8356 1773.89
74.9396 1772.83
75.0404 1771.79
75.1468 1770.7
75.2513 1769.64
75.3572 1768.55
75.4602 1767.5
75.5649 1766.43
75.6671 1765.39
75.7677 1764.36
75.869 1763.33
75.9698 1762.3
76.0705 1761.28
76.1716 1760.25
76.2718 1759.23
76.3734 1758.19
76.4775 1757.14
76.58 1756.09
76.6802 1755.08
76.7862 1754
76.887 1752.98
76.9877 1751.96
77.0918 1750.9
77.1919 1749.89
77.2922 1748.88
77.3964 1747.82
77.4984 1746.79
77.5996 1745.77
77.7034 1744.72
77.805 1743.7
77.9056 1742.69
78.0056 1741.68
78.1057 1740.67
78.2068 1739.65
78.3076 1738.64
78.4077 1737.64
78.5084 1736.62
78.6091 1735.61
78.7125 1734.58
78.8127 1733.57
78.9153 1732.54
79.0156 1731.54
79.1166 1730.53
79.2201 1729.5
79.3205 1728.49
79.4215 1727.48
79.5268 1726.43
79.6273 1725.43
79.7295 1724.41
79.8335 1723.38
79.9362 1722.35
80.0393 1721.33
80.1394 1720.33
80.2399 1719.33
80.3424 1718.31
80.4424 1717.32
80.5431 1716.32
80.6441 1715.32
80.7483 1714.28
80.8488 1713.29
80.954 1712.25
81.0552 1711.24
81.1616 1710.19
81.262 1709.2
81.3636 1708.2
81.4672 1707.17
81.5716 1706.14
81.6731 1705.14
81.7756 1704.13
81.8784 1703.12
81.9789 1702.13
82.0849 1701.09
82.1852 1700.1
82.2878 1699.09
82.3882 1698.11
82.4922 1697.09
82.594 1696.09
82.6942 1695.11
82.7968 1694.1
82.8969 1693.12
83.006 1692.06
83.1073 1691.07
83.2089 1690.07
83.3269 1688.92
83.4276 1687.94
83.5278 1686.96
83.6369 1685.9
83.7427 1684.87
83.8439 1683.88
83.9479 1682.87
84.0525 1681.85
84.1527 1680.88
84.2543 1679.89
84.3625 1678.84
84.4652 1677.85
84.5807 1676.73
84.6817 1675.75
84.7828 1674.77
84.8866 1673.77
84.9867 1672.8
85.0945 1671.76
85.1965 1670.77
85.2981 1669.79
85.4014 1668.79
85.5026 1667.82
85.603 1666.85
85.7032 1665.88
85.804 1664.92
85.9072 1663.92
86.0092 1662.94
86.1129 1661.95
86.2159 1660.96
86.3163 1659.99
86.4168 1659.03
86.5192 1658.05
86.6263 1657.02
86.7309 1656.02
86.834 1655.03
86.9348 1654.07
87.0424 1653.04
87.1429 1652.08
87.2481 1651.08
87.3581 1650.03
87.4617 1649.04
87.5632 1648.07
87.6756 1647
87.7786 1646.02
87.8787 1645.07
87.9808 1644.1
88.0812 1643.15
88.1885 1642.13
88.2916 1641.15
88.3929 1640.19
88.5003 1639.17
88.6061 1638.17
88.7073 1637.21
88.8119 1636.22
88.9134 1635.26
89.0142 1634.31
89.1197 1633.31
89.2281 1632.29
89.3338 1631.29
89.4375 1630.31
89.5402 1629.35
89.6486 1628.33
89.7544 1627.33
89.8572 1626.36
89.9587 1625.41
90.059 1624.47
90.1621 1623.5
90.2757 1622.43
90.3844 1621.41
90.4875 1620.45
90.5928 1619.46
90.6952 1618.5
90.8194 1617.34
90.9201 1616.4
91.0209 1615.46
91.1229 1614.51
91.2231 1613.57
91.3242 1612.63
91.4253 1611.69
91.5302 1610.71
91.6337 1609.75
91.7358 1608.8
91.8437 1607.79
91.9493 1606.81
92.0493 1605.88
92.163 1604.83
92.2633 1603.9
92.3647 1602.96
92.4679 1602
92.5705 1601.05
92.6728 1600.11
92.774 1599.17
92.8753 1598.24
92.9773 1597.29
93.0784 1596.36
93.1797 1595.43
93.2888 1594.42
93.3954 1593.44
93.4959 1592.51
93.5981 1591.57
93.6982 1590.65
93.7996 1589.72
93.8996 1588.8
94.0031 1587.85
94.1044 1586.92
94.207 1585.98
94.3098 1585.04
94.4137 1584.09
94.5137 1583.17
94.6146 1582.25
94.7166 1581.31
94.8178 1580.39
94.9245 1579.42
95.0245 1578.5
95.1255 1577.58
95.2356 1576.58
95.338 1575.65
95.4407 1574.71
95.5427 1573.78
95.6455 1572.85
95.7492 1571.9
95.8571 1570.93
95.9586 1570
96.0594 1569.09
96.1625 1568.15
96.2629 1567.24
96.3649 1566.32
96.4697 1565.37
96.5714 1564.45
96.6818 1563.46
96.7859 1562.51
96.8866 1561.6
96.99 1560.67
97.1004 1559.68
97.2024 1558.76
97.3063 1557.82
97.4119 1556.87
97.5279 1555.83
97.6342 1554.87
97.735 1553.97
97.8361 1553.06
97.937 1552.15
98.0413 1551.22
98.1423 1550.31
98.2503 1549.34
98.3507 1548.44
98.4636 1547.43
98.569 1546.49
98.6703 1545.59
98.7799 1544.61
98.8807 1543.71
98.9843 1542.78
99.0865 1541.87
99.1917 1540.94
99.2931 1540.03
99.3962 1539.11
99.4982 1538.21
99.6036 1537.27
99.7065 1536.36
99.8067 1535.47
99.9092 1534.56
100.014 1533.63
100.115 1532.73
100.222 1531.79
100.326 1530.87
100.429 1529.96
100.529 1529.07
100.631 1528.49
100.732 1548.1
100.833 1578.66
100.937 1606.58
101.038 1633.81
101.139 1660.8
101.239 1687.73
101.34 1714.7
101.44 1741.51
101.54 1768.44
101.642 1795.19
101.745 1813.35
101.846 1830.87
101.947 1848.56
102.05 1859.97
102.151 1868.25
102.251 1876.47
102.352 1884.68
102.453 1892.94
102.554 1901.19
102.654 1909.37
102.757 1917.79
102.858 1925.98
102.962 1934.46
103.064 1942.72
103.165 1951.01
103.267 1959.29
103.378 1963.56
103.479 1962.42
103.581 1961.26
103.685 1960.08
103.785 1958.95
103.892 1957.73
103.992 1956.6
104.093 1955.46
104.203 1954.22
104.307 1953.05
104.41 1951.88
104.521 1950.63
104.625 1949.46
104.731 1948.26
104.834 1947.11
104.935 1945.96
105.038 1944.81
105.144 1943.61
105.249 1942.44
105.354 1941.26
105.459 1940.08
105.563 1938.91
105.664 1937.78
105.765 1936.65
105.867 1935.5
105.968 1934.38
106.07 1933.23
106.172 1932.1
106.272 1930.98
106.373 1929.85
106.479 1928.67
106.585 1927.48
106.688 1926.34
106.793 1925.17
106.902 1923.96
107.003 1922.84
107.103 1921.73
107.211 1920.53
107.312 1919.41
107.421 1918.2
107.521 1917.09
107.622 1915.97
107.725 1914.84
107.833 1913.63
107.935 1912.51
108.035 1911.4
108.139 1910.25
108.244 1909.1
108.344 1907.99
108.449 1906.83
108.549 1905.73
108.651 1904.6
108.752 1903.5
108.852 1902.4
108.953 1901.28
109.054 1900.18
109.157 1899.05
109.257 1897.95
109.36 1896.81
109.462 1895.69
109.567 1894.55
109.67 1893.42
109.771 1892.31
109.872 1891.21
109.973 1890.11
110.077 1888.97
110.181 1887.84
110.283 1886.72
110.383 1885.63
110.484 1884.53
110.588 1883.4
110.691 1882.28
110.795 1881.15
110.896 1880.05
111.001 1878.91
111.102 1877.81
111.203 1876.72
111.303 1875.63
111.403 1874.55
111.504 1873.45
111.608 1872.32
111.71 1871.23
111.811 1870.14
111.912 1869.04
112.018 1867.89
112.119 1866.81
112.227 1865.64
112.333 1864.49
112.437 1863.37
112.546 1862.2
112.647 1861.12
112.748 1860.03
112.848 1858.95
112.95 1857.86
113.05 1856.78
113.16 1855.61
113.262 1854.51
113.37 1853.35
113.477 1852.21
113.578 1851.13
113.679 1850.04
113.792 1848.84
113.892 1847.77
113.992 1846.7
114.094 1845.62
114.21 1844.38
114.317 1843.24
114.423 1842.11
114.523 1841.04
114.624 1839.97
114.726 1838.88
114.828 1837.8
114.931 1836.7
115.035 1835.6
115.145 1834.44
115.248 1833.34
115.349 1832.28
115.45 1831.2
115.555 1830.09
115.657 1829.02
115.759 1827.94
115.86 1826.87
115.964 1825.77
116.065 1824.71
116.17 1823.6
116.273 1822.52
116.375 1821.44
116.479 1820.34
116.582 1819.27
116.686 1818.16
116.789 1817.09
116.889 1816.04
116.998 1814.9
117.098 1813.84
117.207 1812.7
117.31 1811.62
117.413 1810.54
117.518 1809.45
117.618 1808.39
117.721 1807.32
117.823 1806.25
117.933 1805.11
118.034 1804.06
118.134 1803.01
118.238 1801.93
118.341 1800.85
118.443 1799.8
118.545 1798.73
118.645 1797.69
118.746 1796.64
118.852 1795.54
118.965 1794.37
119.068 1793.31
119.169 1792.25
119.271 1791.2
119.375 1790.12
119.476 1789.08
119.578 1788.03
119.679 1786.98
119.782 1785.91
119.886 1784.84
119.986 1783.81
