  3.2631963e-008
  1.5273014e-006
  5.0665794e-007
  4.3370731e-006
  1.5275091e-006
  6.9032312e-006
  2.3517061e-007
  3.2548361e-006
  2.7202891e-006
  6.9032780e-006
  3.2548429e-006
  1.5273099e-006
  1.0840829e-006
  1.9098800e-005
  8.9390595e-004
  2.9653856e-004
  2.5384229e-003
  8.9390630e-004
  1.9098800e-005
  8.9390595e-004
  2.9653856e-004
  2.5384229e-003
  8.9390630e-004
  1.9098800e-005
  8.9390595e-004
  2.9653856e-004
  2.5384229e-003
  8.9390630e-004
  7.0891089e-007
  3.3180024e-005
  1.1006934e-005
  9.4221197e-005
  3.3180244e-005
  1.4996975e-004
  5.1089693e-006
  7.0709982e-005
  5.9097107e-005
  1.5273022e-006
  7.1484193e-005
  2.3713720e-005
  2.0299341e-004
  7.1484668e-005
  3.2310003e-004
  1.1006941e-005
  1.5234004e-004
  1.2732086e-004
  5.0666503e-007
  2.3713818e-005
  7.8667104e-006
  6.7339910e-005
  2.3716240e-005
  1.0718357e-004
  3.6514099e-006
  5.0536476e-005
  4.2236796e-005
  1.0718425e-004
  5.0536567e-005
  2.3713918e-005
  2.7203098e-006
  1.2732143e-004
  4.2236974e-005
  3.6155411e-004
  1.2732766e-004
  5.7547695e-004
  1.9604678e-005
  2.7133396e-004
  2.2677301e-004
  5.7547975e-004
  2.7133426e-004
  1.2732169e-004
  9.0372936e-005
  3.2548592e-006
  1.5234061e-004
  5.0536692e-005
  4.3260120e-004
  1.5234723e-004
  6.8856083e-004
  2.3457066e-005
  3.2465219e-004
  2.7133407e-004
  6.8856401e-004
  3.2465253e-004
  1.5234088e-004
  1.0813156e-004
  2.0131141e-006
  9.4221902e-005
  3.1256693e-005
  2.6756167e-004
  9.4225239e-005
  4.2587121e-004
  1.4508077e-005
  2.0079639e-004
  1.6781924e-004
  4.2587298e-004
  2.0079657e-004
  9.4222039e-005
  6.6878814e-005
  1.0840766e-006
  5.0739257e-005
  1.6831914e-005
  1.4408418e-004
  5.0739339e-005
  2.2933629e-004
  7.8127204e-006
  1.0813082e-004
  9.0372294e-005
  2.2933764e-004
  1.0813099e-004
  5.0739578e-005
  3.6014862e-005
  6.3449268e-004
  2.9696983e-002
  9.8514844e-003
  8.4330472e-002
  2.9696991e-002
  6.3449268e-004
  2.9696983e-002
  9.8514844e-003
  8.4330472e-002
  2.9696991e-002
  6.3449268e-004
  2.9696983e-002
  9.8514844e-003
  8.4330472e-002
  2.9696991e-002
  3.5445297e-007
  1.6589856e-005
  5.5034119e-006
  4.7110183e-005
  1.6589892e-005
  7.4984573e-005
  2.5544713e-006
  3.5354772e-005
  2.9548394e-005
  7.4985031e-005
  3.5354832e-005
  1.6589968e-005
  1.1775532e-005
  2.0745557e-004
  9.7098118e-003
  3.2210700e-003
  2.7572935e-002
  9.7098149e-003
  2.0745557e-004
  9.7098118e-003
  3.2210700e-003
  2.7572935e-002
  9.7098149e-003
  2.0745557e-004
  9.7098118e-003
  3.2210700e-003
  2.7572935e-002
  9.7098149e-003
  7.6364543e-007
  3.5741779e-005
  1.1856750e-005
  1.0149585e-004
  3.5741880e-005
  1.6154876e-004
  5.5034282e-006
  7.6169425e-005
  6.3659939e-005
  1.6155034e-004
  7.6169669e-005
  3.5741997e-005
  2.5369609e-005
  4.4694948e-004
  2.0919155e-002
  6.9395849e-003
  5.9404088e-002
  2.0919162e-002
  4.4694948e-004
  2.0919155e-002
  6.9395849e-003
  5.9404088e-002
  2.0919162e-002
  4.4694948e-004
  2.0919155e-002
  6.9395849e-003
  5.9404088e-002
  2.0919162e-002
  1.6589903e-005
  7.7647777e-004
  2.5758388e-004
  2.2049612e-003
  7.7648089e-004
  3.5095867e-003
  1.1955992e-004
  1.6547525e-003
  1.3829884e-003
  3.5741862e-005
  1.6728706e-003
  5.5494764e-004
  4.7504448e-003
  1.6728773e-003
  7.5611751e-003
  2.5758403e-004
  3.5650560e-003
  2.9795582e-003
