0.6447167705444071
0.6436179898655648
0.6367752384190438
0.6339386824054856
0.6312640801727293
0.6301989751435663
0.6204670798844092
0.6193977871526151
0.6163826178792384
0.6098253375073203
0.6050499401256678
0.6046967835682485
0.6026792063633841
0.6019351074619903
0.5981090364036993
0.5974827688138497
0.5940982042119635
0.5909380819372203
0.5873370216146738
0.5854704443229712
0.5799946022397118
0.576735491242662
0.575716048591474
0.5741258845813417
0.5728799512912587
0.5710267913478843
0.5687295565730212
0.5670007865557516
0.56431405144472
0.5473107486390866
0.5423660379300224
0.5405240139158712
0.5386744570954204
0.5349932785461862
0.5324296173680201
0.520439534883721
0.5197204840741098
0.505940691051337
0.5055217801094006
0.49709885675519244
0.49427227798809376
0.48409825922755106
0.47920175885619637
0.4683951784425416
0.4643031977410719
0.4628731927741994
0.4476333559511612
0.44187628498150816
0.441843366366921
0.4380514033092746
0.43560865077627287
0.4317219840296069
0.4288934355691559
0.42874061792671353
0.4159241406833824
0.41429404346924215
0.41418072799259387
0.41226578234726613
0.41211548238386453
0.40705246047989
0.3984352914463916
0.39616835166199493
0.3885545747847994
0.387212763931255
0.3856359844356151
0.38526920086212546
0.37160059341557083
0.3654302829821496
0.3652551133976012
0.3644289625347045
0.3620435503973962
0.36164235416497015
0.3604007199581207
0.3590934529984645
0.3569718852208815
0.3564440794090385
0.35227702536705824
0.35098804783835486
0.34879557636386777
0.34868095702128843
0.3323209875280985
0.3244551027213127
0.31714770909210255
0.3134560527190402
0.31110412149679667
0.3104947700384182
0.3101656730428556
0.304376237158017
0.30094445675994347
0.2948241867654232
0.2923978347185002
0.28504288243175574
0.2849283216901765
0.28290655767798395
0.28076918775946885
0.27810950044660965
0.2711321930767858
0.260683000422872
0.2563179160236624
0.2542348700904943
0.25270541764776144
0.2505018388617486
0.2503436674386297
0.24627965585163186
0.24152720248215004
0.240352110089891
0.23677808378009269
0.23232694256423286
0.22860283829947992
0.22858372101037638
0.21605956661282366
0.20527741497862134
0.20306377501080597
0.1994480315279309
0.1976242551781034
0.18427747582562143
0.18331800172817383
0.18055449791722525
0.17853511795860819
0.17831960079397524
0.17144333572584997
0.15666718576852656
0.14871580537986787
0.14558989695976865
0.13862867074174826
0.12073688313497372
0.1174224521763243
0.11002877731602248
0.10288804095131926
0.09509656356197779
0.04555228823855495
0.038171798079178074
0.014814392315881563