0.000000 0.000000 0.000000 0.000000 0 -8.750570
3.815758 0.133756 61.400002 0.110078 517 na
16.928370 0.540000 6.977492 0.690000 161 -8.932599
3.111445 0.038807 1.702596 0.068466 154 -9.221934
3.815758 0.148004 61.400002 0.110078 517 na
16.928370 0.540000 6.977492 0.690000 162 -8.932599
3.815758 0.148004 61.400002 0.110078 516 na
3.111445 0.038807 1.702596 0.068466 154 -9.221934
16.928370 0.540000 6.977492 0.690000 162 -8.932599
16.928370 0.540000 6.977492 0.690000 162 -8.932599
3.815758 0.148004 61.400002 0.110078 517 na
16.928370 0.540000 6.977492 0.690000 161 -6.829905
3.111445 0.038807 1.702596 0.068466 154 -9.221934
16.928370 0.540000 6.977492 0.690000 162 -8.932599
3.111445 0.038807 1.702596 0.068466 154 -9.221934
16.928370 0.540000 6.977492 0.690000 161 -6.829905
16.928370 0.540000 6.977492 0.690000 161 -6.829905
16.928370 0.540000 6.977492 0.690000 162 -8.932599
3.111445 0.038807 1.702596 0.068466 154 -9.221934
16.928370 0.540000 6.977492 0.690000 162 -8.932599
16.928370 0.540000 6.977492 0.690000 161 -8.932599
16.928370 0.540000 6.977492 0.690000 162 -8.932599
16.928370 0.540000 6.977492 0.690000 162 -8.932599
3.815758 0.148004 61.400002 0.110078 516 na
