0.000000 0.000000 0.000000 0.000000 0 -7.883316
2.453138 0.179111 61.400002 0.081608 54 na
17.173676 0.017484 23.876553 0.014986 310 -7.046607
17.173676 0.017484 23.876553 0.014986 310 -7.046607
2.453138 0.179111 61.400002 0.081608 54 na
2.453138 0.179111 61.400002 0.081608 54 na
17.173676 0.017484 23.876553 0.014986 310 -7.046607
17.173676 0.017484 23.876553 0.014986 310 -7.046607
36.497845 0.017484 23.876553 0.014986 310 -7.046607
17.173676 0.017484 23.876553 0.014986 310 -7.046607
17.173676 0.017484 23.876553 0.014986 310 -7.046607
17.173676 0.017484 23.876553 0.014986 311 -7.046607
17.173676 0.017484 2.105791 0.014986 310 -7.046607
17.173676 0.017484 23.876553 0.014986 310 -7.046607
17.173676 0.017484 23.876553 0.014986 310 -7.046607
2.453138 0.179111 61.400002 0.081608 54 na
36.497845 0.017484 23.876553 0.014986 310 -7.046607
17.173676 0.017484 23.876553 0.014986 310 -7.046607
36.497845 0.017484 23.876553 0.014986 310 -7.046607
36.497845 0.017484 23.876553 0.014986 310 -7.046607
17.173676 0.017484 23.876553 0.014986 310 -7.046607
17.173676 0.017484 2.105791 0.014986 310 -7.046607
2.453138 0.179111 61.400002 0.081608 54 na
